101
0.0 0.0 0.0
0.167990995126 1.75919759215e-05 0.000314159265359
0.335981940511 0.00014073579249 0.00125663706144
0.503972587456 0.000474983082 0.00282743338823
0.67196228934 0.00112588443499 0.00502654824574
0.839949802668 0.00219898731676 0.00785398163397
1.00793308813 0.00379983210873 0.0113097335529
1.17590911171 0.00603394564984 0.0153938040026
1.34387364579 0.00900683165307 0.020106192983
1.51182107047 0.0128239573729 0.0254469004941
1.67974417494 0.0175907358998 0.0314159265359
1.84763395917 0.0234125034587 0.0380132711084
2.01547943587 0.0303944910903 0.0452389342117
2.18326743299 0.0386417900954 0.0530929158457
2.35098239677 0.0482593106254 0.0615752160104
2.51860619566 0.0593517328054 0.0706858347058
2.68611792515 0.0720234497811 0.0804247719319
2.853493714 0.0863785020867 0.0907920276887
3.0207065319 0.102520502737 0.101787601976
3.18772599907 0.120552552457 0.113411494795
3.35451819812 0.140577144474 0.125663706144
3.52104548857 0.162696058303 0.138544236023
3.68726632448 0.187010241984 0.152053084434
3.85313507578 0.213619682238 0.166190251375
4.01860185378 0.242623262023 0.180955736847
4.18361234153 0.274118605019 0.196349540849
4.3481076297 0.308201906568 0.212371663383
4.51202405874 0.34496775065 0.229022104447
4.675293068 0.384508912494 0.246300864041
4.83784105285 0.426916146484 0.264207942167
4.99958923054 0.472277959028 0.282743338823
5.16045351591 0.520680366155 0.30190705401
5.32034440781 0.572206635618 0.321699087728
5.47916688762 0.626937013363 0.342119439976
5.63682033068 0.684948434284 0.363168110755
5.79319843214 0.746314217257 0.384845100065
5.94818914832 0.811103744535 0.407150407905
6.10167465505 0.879382125646 0.430084034276
6.25353132425 0.951209846055 0.453645979178
6.40362972032 1.02664240095 0.477836242611
6.55183461772 1.10572991459 0.502654824574
6.69800504131 1.18851674582 0.528101725068
6.84199433103 1.27504108039 0.554176944093
6.98365023252 1.36533451103 0.580880481649
7.12281501525 1.45942160605 0.608212337735
7.25932561984 1.5573194678 0.636172512352
7.39301383624 1.6590372821 0.6647610055
7.5237065143 1.76457586008 0.693977817178
7.65122580849 1.8739271741 0.723822947387
7.77538945834 1.98707388948 0.754296396127
7.89601110605 2.10398889395 0.785398163397
8.01292613063 2.22461057454 0.816499929844
8.12607282169 2.34877419877 0.846973379441
8.23542410607 2.47629351869 0.876818509423
8.34096268747 2.60698619434 0.90603532131
8.44268052604 2.74067441272 0.934623814333
8.54057839247 2.87718218484 0.96258398906
8.63466549161 3.01634976691 0.989915845144
8.72495895238 3.15800570215 1.01661938272
8.81148320267 3.30199499034 1.04269460169
8.89426999311 3.44816541942 1.06814150222
8.97335759167 3.5963703144 1.09296008417
9.04879015966 3.74646870764 1.11715034736
9.12061784564 3.89832537639 1.14071229192
9.18889625629 4.05181085147 1.16364591889
9.25368574572 4.20680160543 1.18595122674
9.31505130406 4.3631796911 1.20762821527
9.37306299481 4.52083310363 1.22867688698
9.42779323791 4.67965562366 1.24909723907
9.47931960701 4.8395465137 1.26888927279
9.52772201495 5.0004107963 1.28805298797
9.57308381217 5.1621589841 1.30658838463
9.61549109006 5.32470692966 1.32449546277
9.65503223916 5.4879759724 1.34177421985
9.69179807388 5.65189239493 1.35842466375
9.72588139312 5.81638765609 1.37444678595
9.75737673043 5.98139815434 1.38984058856
9.786380317 6.14686492589 1.40460607524
9.81298972356 6.31273371021 1.41874324231
9.83730386324 6.47895459089 1.43225209072
9.85942285303 6.64548180441 1.44513262065
9.87944749707 6.81227395399 1.45738483185
9.89747948434 6.97929348033 1.46900872481
9.91362147614 7.14650630102 1.48000429822
9.92797652137 7.31388211051 1.49037155477
9.94064823611 7.48139383207 1.5001104931
9.95174066048 7.64901763214 1.50922111203
9.96135817372 7.81673260217 1.51770341098
9.96960547784 7.9845205957 1.52555739265
9.97658747728 8.15236606045 1.53278305565
9.98240925629 8.32025583071 1.53938040026
9.98717600987 8.48817896435 1.5453494263
9.99099313973 8.65612638581 1.55069013375
9.99396604937 8.82409089412 1.55540252039
9.99620015746 8.99206692171 1.55948659349
9.99780101476 9.16005019572 1.56294234521
9.99887411099 9.32803771855 1.56576977855
9.99952498118 9.4960274369 1.56796889139
9.99985922863 9.66401809175 1.56953968973
9.99998241074 9.83200900249 1.57048216739
10.0 10.0 1.57079632679
